RA,DEC,region,Spec_zmcmc,Spec_pmember,Spec_pforeground,Spec_SN,Spec_Cfrac,Spec_category,Spec_flag,HbEW,HgEW,HdEW,PS,FWHM_WORLD,F140_MAG_AUTO,F140_MAGERR_AUTO,F140_MAG_APER(13px),F140_MAGERR_APER(13px),F814_MAG_AUTO,F814_MAGERR_AUTO,F814_MAG_APER(13px),F814_MAGERR_APER(13px),F105_MAG_AUTO,F105_MAGERR_AUTO,F105_MAG_APER(13px),F105_MAGERR_APER(13px),F105-F140_colour,F814-F140_colour,F814-F105_colour,F105-F140_colourerr,F814-F140_colourerr,F814-F105_colourerr,inrregion,R_BCG,R_F_BCG1,Cid,completeness,completeness_error
34.5157198,-3.7851705,SW-F,1.96681240906704,0.8922697368421053,0.017406798245614,4.784241149819334,0.7310220638302097,E*,G,0.2754955488311144,0.8901700002307675,0.07206706964625587,n,0.0003036791,23.2434,0.0343,24.1893,0.0438,23.9159,0.029,24.9635,0.0305,,,,,,0.7742000000000004,,,0.0533731205758104,,['XLSSUJ0217-0345-SW-F814W'],2630.841108289713,3034.7898300540983,181,0.4986195543313742,0.0158113280394075
34.5079205,-3.7846752,SW-F,1.99364452266324,0.9925073099415204,0.0,9.033842844431929,0.6100494488851571,D*,G,0.36969869967890356,0.40228298442889854,0.3048870051350653,n,9.826024e-05,22.678,0.0222,23.2304,0.0258,24.8993,0.0538,25.4487,0.0387,,,,,,2.2182999999999997,,,0.0465116114534854,,['XLSSUJ0217-0345-SW-F814W'],2399.4620541149657,2798.9017952195127,186,0.6443768751026057,0.0151378769295963
34.5014203,-3.7840277,SW-F,1.973906070587929,0.6585210755813954,0.0,3.2484491804076088,0.2583021809461363,E*,G,5.669452841768383,0.6599427933823212,0.5199938529699691,n,0.0002572044,23.5566,0.0391,24.2681,0.0459,24.9175,0.0511,25.7782,0.0532,,,,,,1.5100999999999978,,,0.070264144483513,,['XLSSUJ0217-0345-SW-F814W'],2205.2323807617176,2600.8280774018576,202,0.391195499720978,0.0154324845931895
34.5124396,-3.7770981,SW-F,2.0064971059497694,0.8958333333333334,0.0006853070175438,9.396699371675608,0.0984150253428293,B,G,0.3329896390488647,0.5544707499216613,0.43215241213782185,n,6.576977e-05,22.8325,0.0204,23.0089,0.0206,24.5977,0.0279,24.8654,0.0234,,,,,,1.8565000000000005,,,0.0311756315092413,,['XLSSUJ0217-0345-SW-F814W'],2467.771955723351,2888.85998259228,291,0.6119462831702919,0.0154099977185058
34.52984,-3.746711,NW-F,1.9995746934672785,0.432594476744186,0.0,3.5257385391471376,0.0051989547162187,E*,S,0.502943314965256,0.5809739614329595,0.34868830981814314,n,0.0001354022,23.3889,0.0288,23.7182,0.0297,24.1062,0.0309,24.5056,0.0265,,,,,,0.7874000000000017,,,0.0398037686657934,,['XLSSUJ0217-0345-NW-F814W'],2960.3116315883444,3422.9379032167976,603,0.450167048441485,0.0157326627415376
34.5215022,-3.7342394,NW-F,1.9762058034339027,0.9761970029239766,0.0003198099415204,7.397606122342777,0.0070050041344304,E*,G,0.3827071183174585,0.4974606137990977,0.4152214983337922,y,0.0001716453,22.8473,0.023,23.2618,0.025,23.5427,0.0208,24.0174,0.0169,,,,,,0.7555999999999976,,,0.0301763152157449,,['XLSSUJ0217-0345-NW-F814W'],2785.0465132268664,3250.697921574478,644,0.6085753202678784,0.0154340986075872
34.5007919,-3.7299006,NW-F,1.958093160339316,0.515031067251462,0.0507127192982456,5.441456275104609,0.2136639597851756,E**,G,0.4810322297287787,0.9260680475709732,1.5563679050559547,n,9.337291e-05,23.1715,0.0268,23.6198,0.0302,24.2436,0.0357,24.4348,0.0248,,,,,,0.8149999999999977,,,0.0390778709757837,,['XLSSUJ0217-0345-NW-F814W'],2229.241676534451,2690.152725052982,776,0.5212540879467744,0.0157970966872255
34.5247729,-3.7347158,NW-F,1.998850330771039,0.7530886627906976,0.0,19.377040133101456,0.1503363113162039,A,G,0.0,0.4526109591544357,0.33870293633107174,n,0.0001670014,22.1828,0.0148,22.4193,0.0154,22.602,0.0085,22.7913,0.0055,,,,,,0.3719999999999999,,,0.0163526756220503,,['XLSSUJ0217-0345-NW-F814W'],2878.113522107204,3343.858760530072,808,0.7239462849531799,0.0141367627643555
34.5001162,-3.7395339,NW-F,1.9680367606214624,0.9596125730994152,0.0004568713450292,10.870633814644764,0.0062798127708898,B,G,0.3062750515290985,0.7112792161677596,0.30615134949192135,y,7.748207e-05,22.5498,0.0183,22.6587,0.0186,25.6555,0.1156,25.7224,0.0821,,,,,,3.0637000000000008,,,0.0841805797081488,,['XLSSUJ0217-0345-NW-F814W'],2108.9429533923844,2574.4894907785047,811,0.6679458415825024,0.0148927564371121
34.5031529,-3.737968,NW-F,1.968388726688172,0.9999543128654972,0.0,3.661975356142809,3.466185269591461,E*,G,3.4343536360116387,0.426734422454082,0.34383278074437096,n,0.0001020352,24.2254,0.0467,24.3838,0.0457,25.4127,0.0798,25.5419,0.0686,,,,,,1.1580999999999977,,,0.0824284538251203,,['XLSSUJ0217-0345-NW-F814W'],2211.9001697044423,2677.3095181465874,823,0.1572373525962202,0.0115114624416167
34.3645026,-3.7702135,SE-F,2.0026348980723334,0.2070997807017544,0.0007766812865497,10.155312357289093,0.0,A,S,0.0,0.0,0.0,n,7.607988e-05,22.3698,0.0174,22.5828,0.0174,99.0,99.0,99.0,99.0,,,,,,76.41720000000001,,,99.0000015290909,,['XLSSUJ0217-0345-SE-F814W'],2168.889581260606,1705.4465446874988,848,0.6970723338001991,0.0145314312870598
34.3504831,-3.7591726,SE-F,1.974496666787943,0.9673873546511628,0.0005450581395348,6.87131092270547,1.4127030329159425,E*,G,0.0,0.3402807899527581,0.3436359284619961,n,0.0003420181,22.5082,0.0222,23.4618,0.0283,99.0,99.0,99.0,99.0,,,,,,75.5382,,,99.00000404489892,,['XLSSUJ0217-0345-SE-F814W'],2571.345489876428,2122.6716708727363,934,0.6750451207701038,0.0148107800501722
34.3544695,-3.7507469,SE-F,1.976077765222193,0.9878929093567252,0.0007766812865497,10.587616059541178,0.0441862263482989,A,G,0.0,0.0,0.0,n,0.0003417154,22.0222,0.0163,22.9126,0.0199,99.0,99.0,99.0,99.0,,,,,,76.0874,,,99.00000200005049,,['XLSSUJ0217-0345-SE-F814W'],2461.334942784584,2030.349979836472,1012,0.7455904981070657,0.013772628915335
34.3772531,-3.7459359,SE-F,1.9920637537468169,0.7907529239766082,0.0622258771929824,6.556339976185938,0.032191948855984,E**,G,0.12919890238590714,0.2727308984912389,0.07348395051760792,n,0.0001169151,22.278,0.0334,22.6412,0.0239,99.0,99.0,99.0,99.0,,,,,,76.3588,,,99.00000288489896,,['XLSSUJ0217-0345-SE-F814W'],1793.6213095489447,1395.2259471234604,1066,0.7105897991336483,0.0143405696016877
34.3584191,-3.7383996,SE-F,1.9927983235345497,0.9793951023391811,0.0001827485380116,31.74875669036015,0.0616756116455849,B,G,0.16837907518885353,0.2733806282410225,-0.011386256275267681,n,0.0003235805,20.4615,0.0069,21.8071,0.0112,20.7539,0.6979,22.037,0.0045,,,,,,0.2299000000000006,,,0.0120702112657567,,['XLSSUJ0217-0345-SE-F814W'],2410.7486531354925,2018.1041818237652,1141,0.9980865507068049,0.0013819507968801
34.3535248,-3.7313064,NE-F,1.986560055846896,0.8783611918604651,0.0018168604651162,5.894921367409967,1.3410848171407723,E*,G,0.37062822661726913,0.541151451126178,0.1455418856587346,n,0.0002374006,22.5675,0.0165,23.4732,0.0178,23.1191,0.1251,24.252,0.1747,,,,,,0.7788000000000004,,,0.1756044703303421,,"['XLSSUJ0217-0345-SE-F814W', 'XLSSUJ0217-0345-NE-F814W']",2617.4877490443464,2241.9943261564194,1230,0.6648488939149179,0.0149273186532286
34.3466793,-3.7149278,NE-F,1.9742908429302253,0.8937774122807017,0.0,5.1351171198873375,0.0495457580808404,E*,G,0.5896541499973774,1.3153704825456443,3.674210768119482,n,0.0001893999,23.1699,0.0262,23.4952,0.0257,23.7816,0.1462,24.1721,0.1366,,,,,,0.6768999999999998,,,0.1389965826918057,,['XLSSUJ0217-0345-NE-F814W'],3007.530911270408,2672.973900540196,1396,0.5217463129890171,0.0157964267437729
34.3702886,-3.7027564,NE-F,1.9809032347244493,0.9994974415204678,0.0,16.401535027155138,0.6207930773035091,D*,G,0.08402997353802744,0.2099197038459255,0.12062462936495344,n,0.00011835,21.069,0.0103,22.5387,0.0159,22.6247,79.4655,24.4114,326.5991,,,,,,1.8727000000000016,,,326.5991003870341,,['XLSSUJ0217-0345-NE-F814W'],2613.916971938612,2381.5693513038104,1499,0.9085423329943194,0.0091155450825257
34.4208923,-3.7931639,SW,1.9861234846627616,0.9989948830409356,0.0,5.923896324112843,0.2357316217532341,E*,G,0.0,0.0,0.0,n,9.849449e-05,23.2997,0.0225,23.4818,0.0213,23.3375,0.012,23.4977,0.0088,23.3938,0.0194,23.5582,0.0143,0.0763999999999995,0.0158999999999984,-0.0605000000000011,0.0256550190021367,0.0230462578307195,0.0167907712747211,['XLSSUJ0217-0345-SW'],1131.2219207356916,940.234274736572,1654,0.732083940084893,0.0140048936002624
34.3982806,-3.7837525,SW,1.9953934179621249,1.0,0.0,7.039642438602079,0.3289230897538661,E*,G,0.0,0.6932608958823753,0.8712242274073703,n,0.0002456974,22.8856,0.0124,24.1661,0.0225,23.8305,0.0217,24.8508,0.03,23.3602,0.0083,24.7807,0.0164,0.6145999999999994,0.6846999999999994,0.0701,0.0278425932700242,0.0375,0.0341900570341729,['XLSSUJ0217-0345-SW'],1343.504842432961,921.4271406121052,1894,0.87725187486829,0.0103769467045157
34.4201857,-3.7827328,SW,1.990476148197568,0.7645741959064327,0.0,11.099049364857706,0.3309850631408996,C,G,0.2378910894798677,0.4131919280703493,0.31833526023019065,n,0.0001155628,22.7833,0.0139,23.3929,0.0137,25.8433,0.14,26.6099,0.1074,24.0888,0.0232,24.9402,0.0196,1.5473,3.2169999999999987,1.6696999999999989,0.0239133853730499,0.1082702636922992,0.1091738063823003,['XLSSUJ0217-0345-SW'],851.192143603297,619.296757498931,1910,0.9029683053984504,0.0093603709779207
34.4476975,-3.7809159,SE,1.975311956526515,0.7813870614035088,0.0022386695906432,3.864138832140796,0.5584738761134552,E*,G,0.0,0.0,0.0,n,0.0001198732,23.686,0.0268,23.8681,0.0245,23.8513,0.0152,23.9498,0.0106,23.7482,0.0095,23.9262,0.0072,0.0581000000000031,0.0817000000000014,0.0235999999999982,0.0255360529448072,0.0266947560393422,0.012814054783713,"['XLSSUJ0217-0345-SE', 'XLSSUJ0217-0345']",795.5765349182221,1032.6836163957605,1988,0.681997136908851,0.0147267458101571
34.446494,-3.7755428,SE,1.980045481736916,0.942845394736842,0.0,3.995639570968316,0.5545965982788658,E*,G,0.0,0.27221822668758733,0.26610777482979053,n,0.0002074242,24.3037,0.0255,24.4895,0.0224,24.6535,0.0264,24.8117,0.0199,24.8096,0.0183,24.8857,0.0131,0.3962000000000003,0.3221999999999987,-0.0740000000000016,0.0259493737882053,0.0299628102820813,0.0238247770188935,"['XLSSUJ0217-0345-SE', 'XLSSUJ0217-0345']",637.805951162931,919.417177443218,2146,0.3005772600051758,0.0144993300111748
34.4131576,-3.7740739,SW,1.9795862372817368,0.9984466374269004,0.0,9.568425342061865,0.0700045710231378,B,G,0.2290026723607168,0.24532759440295093,-0.30182164561642266,n,7.461097e-05,23.0699,0.014,23.3869,0.0133,27.4616,0.4414,27.0359,0.158,24.4097,0.0217,24.7995,0.0165,1.4125999999999976,3.649000000000001,2.2364000000000037,0.021192923347193,0.1585587903586553,0.1588592144006761,['XLSSUJ0217-0345-SW'],798.6689324000179,403.5933414804173,2176,0.8205424591442475,0.0121347654235983
34.4448014,-3.7728072,Core,1.9807589117412896,0.9991776315789472,0.0,8.864474154301552,0.212415184177522,A,G,0.0,0.0,0.0,n,0.0002459862,22.904,0.0103,23.6335,0.0107,23.665,0.0184,24.4304,0.0141,23.4041,0.0108,24.1105,0.0077,0.4769999999999967,0.7968999999999973,0.3199000000000005,0.0131825642422102,0.0177002824836215,0.0160654909666651,['XLSSUJ0217-0345'],539.2843774238962,837.7345770998159,2235,0.9980865507068049,0.0013819507968801
34.4348036,-3.7710856,Core,1.980071497193576,1.0,0.0,33.29410460111128,0.1079187943285796,B,G,0.21524702072545132,0.3516246112927933,0.13619133561639407,y,0.0001073223,22.2939,0.0057,22.5756,0.0056,24.4879,0.036,24.5938,0.0198,23.003,0.0061,23.2779,0.0039,0.7022999999999975,2.0182,1.3159000000000027,0.0068242215673291,0.0205766858361593,0.0201804360706105,['XLSSUJ0217-0345'],377.6425405277606,537.1398097986929,2276,0.9980865507068049,0.0013819507968801
34.4405293,-3.7703071,Core,1.978498477619708,0.9995431286549707,0.0,3.5137670479784826,0.1776022328161555,E*,G,0.0,0.0,0.0,n,0.0001573572,24.0371,0.0191,24.3653,0.0168,24.7248,0.0334,25.1245,0.0264,24.6399,0.0246,24.867,0.0166,0.5016999999999996,0.7591999999999999,0.2575000000000003,0.0236177899050694,0.0312921715449727,0.0311852529250605,['XLSSUJ0217-0345'],403.23121693512695,687.5472734471134,2322,0.4637007812349373,0.0157696660306122
34.4224381,-3.7699686,Core,1.9965913057372715,0.9977613304093568,0.0,15.435918159427713,0.3081603974267928,B,G,0.44043842450928417,0.6372531382503591,0.46432262360668186,y,9.173375e-05,22.6009,0.0064,22.8427,0.006,24.9826,0.0433,25.24,0.0272,23.8139,0.0093,24.0524,0.0058,1.209699999999998,2.3972999999999978,1.1875999999999998,0.00834505841801,0.0278539045736858,0.0278115084092898,"['XLSSUJ0217-0345-SW', 'XLSSUJ0217-0345']",498.55505965896015,244.06952759873664,2333,0.9980865507068049,0.0013819507968801
34.3974497,-3.7702071,SW,1.997273447234764,0.5591648391812866,0.0,14.602596694297208,0.0604152307705614,C,G,0.2634587808403528,0.7928615787285975,-0.0946862833587857,n,8.678377e-05,22.9471,0.0118,23.0845,0.0112,25.5869,0.0904,25.8401,0.0744,24.2871,0.0168,24.5002,0.0132,1.415700000000001,2.755600000000001,1.3399,0.0173112680067059,0.0752382881251294,0.0755618951588695,['XLSSUJ0217-0345-SW'],1182.492893539564,717.692948330919,2334,0.8598594221523924,0.0109773036893467
34.4299785,-3.7703181,Core,2.0171061402290387,0.1353561046511628,0.0,6.747430370208559,0.0007795522692875,H,S,0.43546497959134944,0.5172974830547984,0.4352873432564669,y,5.049388e-05,23.9007,0.0128,23.9171,0.0121,24.4581,0.0157,24.4574,0.0135,24.0279,0.009,24.0369,0.0078,0.1197999999999979,0.5402999999999984,0.4205000000000005,0.0143961800488879,0.0181289823211343,0.0155913437522235,['XLSSUJ0217-0345'],376.8603130444632,399.5738180795162,2336,0.5496015369508231,0.0157333940245617
34.4210705,-3.7692043,SW,1.9818917002890528,1.0,0.0,4.571299682133664,0.2109710135246133,E*,G,,0.4977429329014108,0.24033188020554352,n,0.000214258,24.2812,0.0209,24.6127,0.0184,24.9507,0.0382,25.4679,0.0347,24.7428,0.0194,25.1403,0.0158,0.5275999999999996,0.8552,0.3276000000000003,0.0242528348858437,0.0392765833544619,0.0381278113717533,"['XLSSUJ0217-0345-SW', 'XLSSUJ0217-0345']",514.8202021421024,209.19052336389765,2359,0.3138235289369169,0.014674410435261
34.4502955,-3.7687156,Core,1.9671369760533632,0.7977834302325582,0.0201671511627907,8.577666715606679,0.5165387530120084,D*,G,0.004665537151627652,0.49191514652568713,0.5482331102591577,n,8.33408e-05,24.277,0.0196,24.4008,0.0179,24.9262,0.0413,24.9966,0.0322,24.5479,0.016,24.5962,0.0121,0.1953999999999993,0.5958000000000006,0.4004000000000012,0.0216060176802667,0.0368408740395772,0.0343984011256337,"['XLSSUJ0217-0345-SE', 'XLSSUJ0217-0345']",580.0325974614193,963.6132472512172,2397,0.3163103598827239,0.0147057171234042
34.4350412,-3.767898,Core,1.996991968462908,0.990953947368421,0.0,24.258389313681025,0.0141558309017215,B,G,0.14843926421472742,0.35284146030564856,-0.0021671865275406654,y,9.119093e-05,22.511,0.0068,22.7899,0.0063,25.8302,0.1334,26.1951,0.0848,24.0647,0.0172,24.3569,0.0104,1.5670000000000002,3.4052000000000007,1.8382000000000005,0.0121593585357123,0.0850336992021398,0.0854353556790161,['XLSSUJ0217-0345'],280.6994950758801,504.1083217259016,2411,0.9980865507068049,0.0013819507968801
34.4471785,-3.7679544,Core,1.9861597777840936,0.8692434210526315,0.007766812865497,17.734824345686643,0.181724795399235,C,G,0.42607354969129696,0.5698308817371008,0.5695345349866667,y,8.779286e-05,22.534,0.0078,23.0709,0.0075,25.3446,0.1168,25.8338,0.0691,23.9644,0.0151,24.5036,0.0095,1.432699999999997,2.7628999999999984,1.3302000000000014,0.0121037184369102,0.0695058270938487,0.0697499820788507,['XLSSUJ0217-0345'],487.30010107288473,865.2168619848798,2414,0.9980865507068049,0.0013819507968801
34.4418685,-3.7666211,Core,1.9795169668950268,0.945906432748538,0.0,6.258303739954249,0.1831960732075164,E*,G,0.2756544727486626,0.5302987353011149,0.14345026117976545,n,0.0001104988,23.5932,0.0142,23.9606,0.0127,25.7779,0.1297,26.3207,0.1094,24.8791,0.0332,25.2388,0.0236,1.2782000000000018,2.360099999999999,1.0818999999999974,0.0268001865665147,0.1101346902660555,0.1119165760734307,['XLSSUJ0217-0345'],335.96824090601183,697.3410176694714,2442,0.7364792953988759,0.0139311716250877
34.452703,-3.7670717,SE,1.990362523376144,0.7891538742690059,0.0164016812865497,6.260882252050695,2.1533090228541787,E*,G,-0.028637394600566246,0.1315444910414163,-0.12538869793204221,n,7.371236e-05,23.5859,0.0171,24.0738,0.0172,25.2898,0.0796,26.3047,0.107,24.6246,0.0235,25.3055,0.023,1.2317,2.230900000000002,0.999200000000002,0.0287200278551396,0.1083736130245734,0.1094440496326776,"['XLSSUJ0217-0345-SE', 'XLSSUJ0217-0345']",622.1617449580013,1028.4683071027107,2456,0.7406643611255097,0.0138593169126061
34.4441185,-3.7656186,Core,1.9708222557249844,0.999360380116959,0.0,13.359646302070615,0.4704268708245748,C,G,0.0,0.0,0.0,n,9.975697e-05,23.1043,0.011,23.6371,0.0104,25.1489,0.0894,25.5895,0.0564,23.5704,0.0118,24.2899,0.0095,0.6527999999999992,1.9524000000000008,1.2996000000000016,0.0140858084610007,0.0573508500372923,0.0571944927418715,['XLSSUJ0217-0345'],369.1132530897716,761.0266483865619,2514,0.96617918671371,0.0057163769885255
34.4464319,-3.7652674,Core,1.992830632074941,0.7255116959064327,0.061266447368421,3.792325129260437,0.3293316725385261,E**,G,0.26878557411237824,0.7306709028380706,4.222423485581576,n,0.0001306306,23.0604,0.009,23.6973,0.0107,24.3742,0.0334,25.4739,0.05,23.5322,0.0068,24.3546,0.0079,0.6573000000000029,1.776600000000002,1.119299999999999,0.0133003759345365,0.0511320838613096,0.0506202528638488,['XLSSUJ0217-0345'],424.3657102243045,830.3898148928284,2540,0.9801521670050728,0.0044106571528891
34.4466176,-3.7644184,Core,2.027529097159205,0.1028713811105837,0.0040341718082581,6.667267146934412,0.3372635327115846,E*,S,0.0,0.0,0.0,n,0.0002263798,23.9226,0.0208,24.6414,0.0209,99.0,99.0,30.3533,4.5837,25.1647,0.039,26.0531,0.0384,1.4116999999999995,5.7119,4.3002,0.0437192177423155,4.583747647940493,4.58386084540096,['XLSSUJ0217-0345'],418.3392336619315,834.2848192910035,2568,0.5358246789720713,0.0157707511671622
34.4189611,-3.7638378,Core,1.9781208080113333,0.9932839912280702,0.0012335526315789,4.767377110468112,0.5436922856826009,E*,G,0.0,0.0,0.0,n,0.000522627,23.551,0.0158,24.4522,0.0161,24.6392,0.0489,25.3366,0.033,23.9952,0.0132,24.9148,0.0111,0.4625999999999983,0.8843999999999994,0.421800000000001,0.0195555618686858,0.0367179792472298,0.0348168062866196,"['XLSSUJ0217-0345-SW', 'XLSSUJ0217-0345']",493.5221460878173,42.65755450479576,2573,0.7604431138874409,0.0134970139078469
34.4222922,-3.763473,Core,1.9808790415566224,0.9894919590643276,0.0,36.667152497379966,0.1072646919993086,B,G,0.13833442529992868,0.3231092742670305,0.05242661949811167,y,0.0001195765,21.9444,0.0043,22.542,0.0046,24.3971,0.0391,25.0587,0.0255,23.2137,0.0079,23.8871,0.0053,1.3450999999999986,2.5167,1.1716000000000015,0.0070178344238091,0.0259115804226604,0.0260449611249469,"['XLSSUJ0217-0345-SW', 'XLSSUJ0217-0345']",393.4239986836287,89.31523367565373,2590,0.9910128468880192,0.0029843565790505
34.4186571,-3.7636843,Core,1.9824537763702963,1.0,0.0,5.2969885038872935,0.6299789223253535,E*,G,0.0,0.0,0.0,n,7.044644e-05,24.1151,0.0185,24.4065,0.016,25.0254,0.0446,25.1923,0.0288,24.6089,0.0149,24.9108,0.0109,0.5042999999999971,0.7857999999999983,0.2815000000000012,0.0193600103305757,0.0329460164511584,0.0307936681803256,"['XLSSUJ0217-0345-SW', 'XLSSUJ0217-0345']",501.0201937818318,43.66196276326723,2605,0.4149040239343065,0.0155807148378188
34.4330175,-3.7631315,Core,1.977432827077745,0.9125091374269004,0.0341282894736842,10.100401785191604,0.3527722754914539,B,G,0.20629477979308808,0.24158323849898067,0.1849866127529658,n,8.572337e-05,23.5626,0.0126,23.7878,0.0111,99.0,99.0,27.0855,0.1512,24.9112,0.0294,25.1814,0.0214,1.3935999999999993,3.297699999999999,1.9041,0.0241074677226787,0.1516068929831358,0.1527069088155477,['XLSSUJ0217-0345'],138.09733953494538,414.5947088104736,2633,0.7539122629116088,0.0136208870028022
34.4130933,-3.7630293,SW,1.979472658334158,1.0,0.0,6.103270654037454,0.07622533793014,E*,G,0.0,0.6256332864163753,0.5847438566646076,n,9.120646e-05,23.3252,0.0124,23.4359,0.0112,24.025,0.0152,24.047,0.01,23.7231,0.0075,23.8232,0.0054,0.3872999999999997,0.6111000000000004,0.2238000000000006,0.0124338248338956,0.0150146595032987,0.0113648581161402,"['XLSSUJ0217-0345-SW', 'XLSSUJ0217-0345']",661.8286953548957,198.3273366189356,2648,0.8771560418760097,0.0103804296672354
34.4189665,-3.7627742,Core,1.9675997645412724,0.4159943046986236,0.2157095396298054,4.947550445069371,0.7236058586156181,E*,S,0.01955884606488445,0.39176238258909013,0.4900247646075202,n,0.0001484843,24.3237,0.0197,24.6617,0.0167,26.1495,0.1293,26.286,0.08,25.1926,0.0263,25.4792,0.0185,0.817499999999999,1.6243000000000016,0.8068000000000026,0.0249226804336933,0.0817244761378132,0.0821112050818888,"['XLSSUJ0217-0345-SW', 'XLSSUJ0217-0345-NW', 'XLSSUJ0217-0345']",484.0524012057626,18.38714268189364,2652,0.2889156431004274,0.0143332966993742
34.4342276,-3.7587468,Core,1.9813723815041056,0.996436403508772,0.0,67.00317727880886,0.2198814133811234,C,G,0.06229026474488908,0.17773918843348857,-0.17044129319751344,n,0.0001367863,20.6995,0.0033,22.3684,0.0049,23.6241,0.0395,25.3967,0.0291,22.1457,0.0088,23.7961,0.0061,1.427699999999998,3.028299999999998,1.6006,0.0078243210568074,0.0295096594355136,0.0297324738291316,['XLSSUJ0217-0345'],1.7679409287050871,466.4406538986228,2659,0.9980865507068049,0.0013819507968801
34.4352863,-3.7624293,Core,1.968216664430091,0.9916392543859648,0.0,3.485968726804956,0.3286994480660594,E*,G,0.0,0.0,0.0,n,0.0001847554,23.9506,0.0168,24.2133,0.0149,24.5644,0.0246,24.776,0.0173,24.2444,0.0158,24.5047,0.0118,0.2913999999999994,0.5626999999999995,0.2713000000000001,0.0190065778087482,0.0228319950946035,0.0209411078981031,['XLSSUJ0217-0345'],116.07292421978497,484.10896924859776,2678,0.5181860008852085,0.015800926218795
34.4170827,-3.7620989,SW,1.981836608568021,0.994654605263158,0.0,3.4444914772444943,0.5516448969066448,E*,G,0.3409582149739838,0.667542396170523,0.3604927476090971,n,0.0001209893,23.9608,0.0168,24.2782,0.0149,25.9649,0.1097,26.0688,0.0652,24.9207,0.0205,25.1775,0.0141,0.8993000000000002,1.7906000000000013,0.8913000000000011,0.0205138977281256,0.0668808642288659,0.0667071960136235,"['XLSSUJ0217-0345-SW', 'XLSSUJ0217-0345-NW', 'XLSSUJ0217-0345']",536.1480311403556,76.82390935598764,2683,0.511756770118633,0.0158070167443568
34.4325295,-3.7618223,Core,2.032128440001737,0.1909520348837209,0.0,11.894904463662556,0.7010216424289862,D*,S,0.40115829082261456,0.5370852702906391,0.42621107909268574,n,0.0001398589,23.4744,0.013,23.8494,0.0118,99.0,99.0,27.2307,0.174,24.8921,0.0331,25.2653,0.0231,1.4159000000000006,3.3812999999999995,1.965399999999999,0.0259393523434953,0.1743996559629634,0.1755266646410168,['XLSSUJ0217-0345'],106.31364419249203,399.8841245994067,2687,0.8023902538956748,0.0125920663256238
34.4732598,-3.7619258,SE,2.000758627440667,0.3759594298245614,0.0018731725146198,3.197640144504452,0.1670477902773318,E*,S,0.0,0.0,0.0,n,0.0001363017,24.302,0.0527,24.4162,0.0516,25.368,0.0565,25.4031,0.0474,24.6832,0.0132,24.7793,0.0116,0.3630999999999993,0.9868999999999986,0.6237999999999992,0.0528878057778917,0.070066539803247,0.0487987704763142,['XLSSUJ0217-0345-SE'],1203.092063355745,1650.5565316000743,2699,0.1338426241132068,0.0107670226192619
34.4394097,-3.7602501,Core,1.995443789699329,0.9125091374269004,0.0032894736842105,5.864020970890219,0.108620561444258,E*,G,0.0,0.0,0.0,n,0.0003200796,23.3989,0.0133,24.0621,0.0137,24.6397,0.0394,24.972,0.0236,23.9014,0.0151,24.5067,0.0116,0.4445999999999976,0.9099000000000004,0.4653000000000027,0.0179513230710162,0.0272882758707837,0.0262967678622297,['XLSSUJ0217-0345'],165.37462610704108,614.6374118223674,2721,0.8414821409960701,0.0115494565837852
34.4384665,-3.7606505,Core,1.9733115783359407,0.9481451023391811,0.0078581871345029,15.212499306164162,0.2312001133033939,B,G,0.39119592239511247,0.5180614047038398,0.5460073577058334,y,9.52626e-05,22.991,0.0082,23.1504,0.0075,26.5027,0.1639,25.999,0.0612,24.2925,0.0161,24.4277,0.0108,1.2773000000000003,2.8485999999999976,1.5712999999999973,0.0131487642004866,0.0616578462160332,0.0621456354058754,['XLSSUJ0217-0345'],142.2598207347919,584.6152230608857,2722,0.9980865507068049,0.0013819507968801
34.4339744,-3.759222,Core,1.9541380105974504,0.8694261695906432,0.009594298245614,9.737105029474655,0.8060731552264341,D*,G,0.17979347864753725,0.2294870354346299,0.09640783397204622,n,9.310745e-05,22.7314,0.0095,24.0085,0.0131,25.3965,0.0862,26.7297,0.0969,24.2174,0.0268,25.5376,0.031,1.5290999999999997,2.7212,1.1921,0.0336542716456618,0.0977814910911057,0.1017379476891489,['XLSSUJ0217-0345'],14.900410156262998,455.3954436899229,2771,0.9980865507068049,0.0013819507968801
34.4341074,-3.7575976,Core,1.9689755585439617,0.9929184941520468,0.0,31.914056822470165,0.1811379294159801,B,G,0.09577233941782293,0.20652120165185817,-0.20308531558580367,n,0.0001140982,21.7382,0.0061,22.7334,0.006,25.0452,0.1214,25.96,0.0581,23.1805,0.0169,24.2291,0.0093,1.4956999999999994,3.226600000000001,1.730900000000002,0.011067520047418,0.0584089890342231,0.0588396125072216,['XLSSUJ0217-0345'],36.90878117169678,472.9901086650681,2775,0.9669469348009664,0.0056533671453375
34.4338155,-3.7587586,Core,2.0274960100801533,0.2099549121974371,0.0,17.50080146799947,0.4436051875469866,C,S,0.3048512030488696,0.31265249250880456,0.22687251789459117,n,0.0001023731,22.4816,0.0073,23.5577,0.0098,25.1788,0.0634,26.3177,0.0666,23.8566,0.0178,24.8871,0.0171,1.3293999999999997,2.759999999999998,1.4305999999999983,0.0197091349378911,0.0673171597737159,0.0687602356016906,['XLSSUJ0217-0345'],12.475676314586329,454.10240308125424,2781,0.9980865507068049,0.0013819507968801
34.439772,-3.7582089,Core,1.9848018508382208,0.9137883771929824,0.0100968567251462,5.469406623156397,0.2256600603707891,E**,G,0.34555691301571057,0.5175323862661436,0.2025818775214211,n,7.029342e-05,23.9832,0.0147,24.0199,0.013,99.0,99.0,99.0,99.0,25.452,0.0377,25.5672,0.0312,1.5473,74.9801,73.4328,0.0338,99.00000085353535,99.00000491636352,['XLSSUJ0217-0345'],171.46478425887685,635.9261317515549,2826,0.4976365770835557,0.0158112116623653
34.4306118,-3.7575688,Core,2.0000094474274253,0.8964729532163743,0.0009137426900584,4.39585063307537,0.263567063444992,E**,G,0.40136754035599265,0.5664628013963773,0.2565440818360354,n,0.0003593715,23.4723,0.0173,24.5711,0.0191,26.5011,0.2975,27.1982,0.189,24.7305,0.0437,25.7608,0.0382,1.1896999999999984,2.6270999999999987,1.4374000000000002,0.0427088983702459,0.1899626542244554,0.1928217830018175,['XLSSUJ0217-0345'],116.9105824946544,373.40393097391296,2827,0.8035094237935432,0.0125651116058915
34.425017,-3.7579911,Core,1.9735689715671003,0.878609283625731,0.0209247076023391,10.206464906858187,0.2032799190866135,C,G,0.21985588690106472,0.5125983953371949,0.1965989814280218,y,8.426652e-05,23.3966,0.0103,23.5873,0.0093,27.5094,0.4179,26.5722,0.1045,24.78,0.0251,24.9994,0.0182,1.4121000000000024,2.9849,1.572799999999997,0.0204384441677932,0.1049130115857894,0.1060730408727872,"['XLSSUJ0217-0345-SW', 'XLSSUJ0217-0345']",283.6838281599164,219.49895828828372,2830,0.8426342564529207,0.011515284030581
34.4477424,-3.756034,Core,1.9654931521274028,0.9600694444444444,0.0002284356725146,6.789581297013196,0.4486437071858685,E**,G,0.1346344488084139,0.16675281229183436,0.004301831064488448,n,0.0002563489,23.8046,0.0186,24.4628,0.0182,99.0,99.0,27.0505,0.2172,25.0635,0.0339,25.5962,0.0241,1.1333999999999982,2.587699999999998,1.4543,0.03020016556246,0.217961189205785,0.2185329494607163,['XLSSUJ0217-0345'],423.64452799483286,889.143775705616,2887,0.6096386554023162,0.0154265798296826
34.4347087,-3.7548335,Core,1.9881983803647365,0.8816703216374269,0.0215643274853801,12.297223521373944,0.0751592979868602,B,G,0.1544692805979464,0.4065108288577268,-0.16100824611375708,n,8.046038e-05,23.4062,0.0113,23.6237,0.01,27.6223,0.547,26.6237,0.123,24.6966,0.0244,24.9737,0.0176,1.3500000000000014,3.0,1.6499999999999986,0.0202425294862079,0.1234058345460213,0.1242528068093433,['XLSSUJ0217-0345'],122.76582551191385,523.1702264538776,2912,0.8378096126664115,0.011656957818838
34.4356391,-3.7530931,Core,1.967410792780546,0.98921783625731,0.0007766812865497,22.520669267065347,0.0253213057848389,B,G,0.22759114386093682,0.390239657045387,0.11938671856211791,n,6.784984e-05,22.7418,0.0072,22.9265,0.0067,24.0404,0.0205,24.0177,0.0111,23.2218,0.0064,23.3387,0.004,0.4121999999999985,1.0912000000000006,0.679000000000002,0.0078032044699597,0.0129653384066903,0.0117987287450809,['XLSSUJ0217-0345'],180.7533846298728,574.0396112647815,2958,0.9980865507068049,0.0013819507968801
34.4324556,-3.7498691,Core,1.960446092923744,0.9719480994152048,0.0,25.935897018420448,0.0571186557102611,B,G,0.21075898290038497,0.3992821585972056,0.06080884984419288,y,9.456809e-05,22.3982,0.0066,22.8507,0.0064,26.2669,0.2156,25.8698,0.0602,23.7122,0.0138,24.1709,0.0085,1.3201999999999998,3.0191000000000017,1.698900000000002,0.0106400187969758,0.0605392434706612,0.0607971216423935,['XLSSUJ0217-0345'],279.59323385423374,556.4901415213762,3037,0.9980865507068049,0.0013819507968801
34.4368971,-3.7501191,Core,1.9787515200685688,0.9674250730994152,0.0058936403508771,17.243267034374753,0.2628816247094072,B,G,0.3635067198309937,0.5743290517419779,0.26511433800874973,y,0.0001045979,22.8604,0.0081,23.131,0.0076,99.0,99.0,26.5349,0.1148,24.2341,0.0177,24.5168,0.0117,1.3857999999999997,3.4039,2.0181000000000004,0.013951702405083,0.1150512929088587,0.1153946705875102,['XLSSUJ0217-0345'],279.11798598891335,656.2633658468958,3049,0.9980865507068049,0.0013819507968801
34.410039,-3.7499516,NW,1.993041127080874,0.9995431286549707,0.0,6.614677286953055,0.507352388390253,E*,G,0.0,0.0,0.0,n,0.0001165981,22.9928,0.0141,23.3587,0.0133,24.046,0.0205,24.2991,0.0127,23.5049,0.0095,23.8439,0.0063,0.4852000000000025,0.9404000000000003,0.4551999999999978,0.01471665722914,0.0183896710139143,0.0141767415155951,['XLSSUJ0217-0345-NW'],791.0935261013375,485.0452292949435,3050,0.8459497427311721,0.0114157249224145
34.4389044,-3.7500417,Core,2.0092093513469425,0.3602834302325581,0.0,4.949981734763054,0.3910775086460807,E*,S,0.3198941402679516,0.5121813060894023,0.4609791815435397,n,9.350567e-05,24.3054,0.0204,24.4728,0.0178,25.3402,0.0573,25.3125,0.0369,24.8267,0.0234,24.9105,0.0167,0.4376999999999995,0.8397000000000006,0.402000000000001,0.0244075807895825,0.040968890636677,0.0405030863021572,['XLSSUJ0217-0345'],305.0654304749662,708.60284365365,3053,0.2995817927794492,0.0144855977513701
34.4359271,-3.749486,Core,1.973607808965138,0.9619426169590644,0.0001370614035087,15.1227264334316,0.4276298261587788,B,G,0.27061747152868043,0.4556651172543744,0.16311515899409357,y,0.0001750503,22.3643,0.007,23.0761,0.0073,26.4606,0.2984,26.0181,0.0693,23.6256,0.0151,24.4246,0.0107,1.3485000000000014,2.942,1.5934999999999988,0.0129529919323683,0.0696834270110189,0.0701211808229154,['XLSSUJ0217-0345'],291.001897961346,644.28630099975,3058,0.9980865507068049,0.0013819507968801
34.4503686,-3.7492415,Core,1.959699541997888,0.4345930232558139,0.0,16.16406579991167,0.1959045140016728,C,S,0.4177435605016484,0.8789297089553827,0.4977050720670959,y,7.331922e-05,22.8457,0.0092,23.1454,0.0091,24.478,0.0279,25.0079,0.0243,23.4118,0.0053,23.7772,0.004,0.6318000000000019,1.8625000000000007,1.2306999999999988,0.0099403219263764,0.0259480249730109,0.0246270176838365,['XLSSUJ0217-0345'],576.4054398525201,1031.8111635530713,3064,0.9980865507068049,0.0013819507968801
34.4336297,-3.7476922,Core,1.9692345284885664,1.0,0.0,8.421881529407278,0.2689264453169143,A,G,0.37939508306114267,0.46774965593033324,0.11920196259113791,n,7.689786e-05,23.8656,0.014,23.972,0.0126,24.6793,0.0291,24.7013,0.0206,24.3104,0.014,24.456,0.0112,0.4839999999999982,0.7292999999999985,0.2453000000000003,0.0168582324103092,0.0241478777535418,0.0234478143970818,['XLSSUJ0217-0345'],341.70357632095806,629.4837221200934,3114,0.5716247544801486,0.0156483192243019
34.4016653,-3.7457651,NW,1.9862604977126748,0.9999543128654972,0.0,5.238063730312176,0.0108761084373972,E*,G,0.0,0.0,0.0,n,0.0001119071,23.6089,0.0197,23.8544,0.0182,24.4233,0.0347,24.567,0.0239,24.1472,0.0138,24.3286,0.0098,0.4742000000000033,0.7126000000000019,0.2383999999999986,0.0206707522843267,0.0300408055817416,0.0258311827061789,['XLSSUJ0217-0345-NW'],1077.3188754938938,753.3395538314907,3161,0.591031577328843,0.0155471300222588
34.4433581,-3.744941,Core,1.973230634239572,0.9506122076023392,0.0050255847953216,8.301676823885991,0.1310556844198595,C,G,0.3974373247225361,0.7850802934287927,0.35004363029677354,n,7.375977e-05,23.5064,0.011,23.5974,0.0101,26.4341,0.1462,26.2082,0.0828,24.7905,0.0175,24.8263,0.0125,1.2288999999999994,2.610800000000001,1.3819000000000017,0.0160704698126719,0.0834137278869611,0.0837382230525582,['XLSSUJ0217-0345'],509.948291125937,910.3150659904932,3188,0.7851263224961392,0.0129885711384981
34.3943575,-3.7441998,NW,1.9936741577670631,0.7849506578947368,0.0154422514619883,3.143771188713702,0.0016049743142376,E*,G,0.7205737238521048,1.2592916115858928,0.6426488635496693,n,0.0001259398,24.0328,0.0261,24.2487,0.0242,24.6119,0.0376,24.8311,0.0295,24.4354,0.0177,24.6443,0.0137,0.3956000000000017,0.5823999999999998,0.186799999999998,0.027808811553175,0.0381561266378022,0.0325259896083116,['XLSSUJ0217-0345-NW'],1304.057396963933,957.12607046036,3203,0.3800510844088541,0.0153496663692898
34.4275091,-3.7429998,NW,1.9659459839916145,0.8168859649122807,0.0186860380116959,6.497048482753844,0.0215488240618011,E**,G,0.3433114012626295,0.5961444400803414,0.36025363569237046,n,0.0001931632,22.955,0.0102,23.6862,0.01,24.0812,0.0322,24.6615,0.0198,23.5528,0.011,24.1649,0.0071,0.4786999999999999,0.9753000000000008,0.4966000000000008,0.0122641754716735,0.0221819746641276,0.0210344954776671,"['XLSSUJ0217-0345-NW', 'XLSSUJ0217-0345']",527.7400621636904,648.8436459135767,3222,0.9980865507068049,0.0013819507968801
34.4459323,-3.7409861,Core,2.011644201108913,0.2576308139534883,0.0005450581395348,9.653407624628535,0.1172778948303744,A,S,0.36423747114653693,0.5116168656325124,0.3301590638322054,y,6.239613e-05,23.6961,0.0229,23.7197,0.0221,24.0615,0.0133,24.0772,0.0117,23.8799,0.0065,23.8935,0.0057,0.1737999999999999,0.3575000000000017,0.1837000000000017,0.0228232337761326,0.0250059992801727,0.0130146071780903,['XLSSUJ0217-0345'],654.9379233867054,1047.3877890592885,3283,0.6759394375509696,0.0148001795365545
34.4001928,-3.7354912,NW,1.9763361110786763,0.9320494186046512,0.0139898255813953,24.810616615395805,0.0679325322776508,B,G,0.3350670539266516,0.5742030905792158,0.21432396324267078,n,9.70018e-05,22.0055,0.0073,22.2997,0.0074,24.2361,0.0357,24.5951,0.0238,23.1909,0.0073,23.4877,0.0046,1.1879999999999988,2.295399999999997,1.1073999999999984,0.0087132083643167,0.024923884127479,0.0242404620418011,['XLSSUJ0217-0345-NW'],1267.1474812019294,1022.0437628898164,3383,0.9959124862724544,0.0020176238398355
