RA,DEC,region,Spec_zmcmc,Spec_pmember,Spec_pforeground,Spec_SN,Spec_Cfrac,Spec_category,Spec_flag,HbEW,HgEW,HdEW,PS,FWHM_WORLD,F140_MAG_AUTO,F140_MAGERR_AUTO,F140_MAG_APER(13px),F140_MAGERR_APER(13px),F814_MAG_AUTO,F814_MAGERR_AUTO,F814_MAG_APER(13px),F814_MAGERR_APER(13px),F105_MAG_AUTO,F105_MAGERR_AUTO,F105_MAG_APER(13px),F105_MAGERR_APER(13px),F105-F140_colour,F814-F140_colour,F814-F105_colour,F105-F140_colourerr,F814-F140_colourerr,F814-F105_colourerr,inrregion,R_BCG,R_F_BCG1,Cid,completeness,completeness_error
34.502034,-3.7707916,SW-F,1.9324397767151693,0.0,0.957282529239766,4.993404614997138,0.0,E*,FG,0.5012159030703199,0.8335068837306557,0.5907790171326542,n,0.0001860413,23.0921,0.0262,23.4872,0.0281,23.3407,0.0119,23.6874,0.0088,,,,,,0.2001999999999988,,,0.0294457127609436,,['XLSSUJ0217-0345-SW-F814W'],2115.6920992873097,2547.165583703749,345,0.5450198296648995,0.0157471652984574
34.5085241,-3.7567263,NW-F,1.9247622708967764,0.0001370614035087,0.9624451754385964,12.418080711247656,0.0249899780629563,C,FG,0.04497888245089654,0.5875681348396831,-0.5539261764783967,n,0.0001316356,22.3739,0.0178,22.8001,0.0196,23.532,0.0154,23.8798,0.0096,,,,,,1.079699999999999,,,0.0218247565851259,,['XLSSUJ0217-0345-NW-F814W'],2283.267330718746,2739.4570778330644,481,0.6964506376110668,0.0145398468692832
34.5109655,-3.7520679,NW-F,1.9353000828143847,0.0136147660818713,0.9590186403508772,7.254428950844942,0.3096491089664452,H,FG,0.09901467125882546,0.727386934054135,-0.6022755517584533,n,5.849179e-05,23.7046,0.0316,23.7474,0.0311,24.2169,0.0154,24.2483,0.0134,,,,,,0.5009000000000015,,,0.0338639926765879,,['XLSSUJ0217-0345-NW-F814W'],2366.652569059725,2827.239819626943,536,0.3377245515307856,0.0149554899225707
34.517892,-3.7386388,NW-F,1.9108636702142288,0.0,0.6108369883040936,7.676389299356359,0.0068894201672728,C,FG,0.20075675450264685,0.8332090877555567,-2.081776151147891,n,9.298683e-05,22.9244,0.0219,23.1836,0.0221,25.239,0.0907,25.7592,0.0844,,,,,,2.575600000000001,,,0.0872454583345173,,['XLSSUJ0217-0345-NW-F814W'],2643.4123285496894,3109.134657975373,687,0.5901887936183879,0.0155520410720155
34.5031013,-3.7299943,NW-F,1.9299700365129784,0.0061677631578947,0.9307839912280702,13.021957537906395,0.00029878569027,A,FG,2.7252759151084875,0.45823668032330667,0.17777121015362596,n,0.0002132286,22.461,0.0201,23.1217,0.0235,22.8329,0.0139,23.5006,0.011,,,,,,0.378899999999998,,,0.0259470614906582,,['XLSSUJ0217-0345-NW-F814W'],2293.426519554506,2755.102368113672,786,0.6828151966771953,0.0147166097951898
34.5093421,-3.7309852,NW-F,1.9179382796893003,0.0,0.7829404239766082,16.39588843981383,0.1544074227759324,B,FG,0.38876768039943654,0.6870971354186567,0.7701717638318152,n,0.0001687076,21.8104,0.0141,22.5142,0.0174,22.8266,0.0151,23.675,0.0121,,,,,,1.1608000000000018,,,0.0211936311188054,,['XLSSUJ0217-0345-NW-F814W'],2460.4856994641927,2924.1366704806774,789,0.7740806335583142,0.0132242128804807
34.359287,-3.7624029,SE-F,1.9447188932209525,0.0007309941520467,0.9390990497076024,15.490619401053753,0.0018254781973579,B,FG,0.13984191557682102,0.3440884334832848,-0.28013211613492717,n,0.0003015302,20.9829,0.0107,22.4489,0.0167,99.0,99.0,99.0,99.0,,,,,,76.5511,,,99.00000140853534,,['XLSSUJ0217-0345-SE-F814W'],2303.308013804376,1849.4440774678208,892,0.9309725028732728,0.0080164020462516
34.369741,-3.7578058,SE-F,1.9183829023524137,0.0,0.9263523391812866,17.126590510801012,0.0742704532836071,C,FG,0.46910016266984655,0.7705963459981069,-0.23193279397960698,y,0.0002856589,21.1123,0.0097,22.1788,0.0139,99.0,99.0,99.0,99.0,,,,,,76.8212,,,99.00000097580808,,['XLSSUJ0217-0345-SE-F814W'],1980.118192437528,1535.6724458609272,946,0.897973071509297,0.0095716996585484
34.342955,-3.7536725,SE-F,1.9196379165305684,0.0,0.6835252192982456,11.297832405786666,0.0010415112791627,A,FG,0.46872849878465617,0.8403165050150397,-0.293948572417588,y,0.0002944068,22.0022,0.039,22.6915,0.0423,99.0,99.0,99.0,99.0,,,,,,76.3085,,,99.00000903681776,,['XLSSUJ0217-0345-SE-F814W'],2806.825349469587,2366.999919416892,985,0.748252429654633,0.0137248217172599
34.3514179,-3.7487227,SE-F,1.924543128666396,0.0,1.0,4.822866777766181,0.1606382474428499,E*,FG,0.5101268006517872,0.921109713264189,0.06127913801509166,n,0.000212647,22.751,0.023,23.3508,0.0251,99.0,99.0,99.0,99.0,,,,,,75.64920000000001,,,99.00000318186864,,['XLSSUJ0217-0345-SE-F814W'],2561.501592039,2134.285212148939,1038,0.6296557145412681,0.0152705401242651
34.3699725,-3.7364384,NE-F,1.9364245258475243,0.0,0.9941063596491228,13.425760842334109,0.0393357442968049,B,FG,0.40174984554570303,0.7154113498576399,0.7598773108074192,y,0.000253265,21.2883,0.0077,22.3325,0.0095,21.7702,0.167,23.098,0.1771,,,,,,0.7654999999999994,,,0.1773546165173041,,"['XLSSUJ0217-0345-SE-F814W', 'XLSSUJ0217-0345-NE-F814W']",2088.2596647039286,1719.5185006862814,1173,0.8593825767315952,0.0109929142424454
34.3664376,-3.7117223,NE-F,1.936088492782153,0.0,0.9863852339181286,12.376419841775798,0.017715892591633,A,FG,,0.0,0.0,n,0.0001060061,21.9189,0.0139,22.3634,0.0152,24.1467,2.08,24.8086,3.2331,,,,,,2.4452,,,3.233135730216101,,['XLSSUJ0217-0345-NE-F814W'],2536.4910864101084,2259.142022037654,1432,0.7593612054035724,0.0135178313768002
34.3615089,-3.7089119,NE-F,1.903657295452624,0.0009594298245614,0.5968110380116959,19.383519237506853,0.0129224586399866,C,FG,,0.0,0.0,n,0.0002358395,21.102,0.0092,22.1481,0.0128,22.4836,0.266,23.7413,0.0741,,,,,,1.5931999999999995,,,0.075197406870184,,['XLSSUJ0217-0345-NE-F814W'],2709.9274625977137,2428.279151194385,1457,0.9004459200276217,0.0094680021722236
34.3984824,-3.7836719,SW,1.9410247774629696,0.0,1.0,11.686904835099892,0.4144045781627832,A,FG,0.0,0.0,0.0,n,7.611864e-05,22.7928,0.0116,23.2012,0.012,23.7062,0.0193,24.2472,0.0169,23.2053,0.0072,23.6258,0.0057,0.4246000000000016,1.0459999999999994,0.6213999999999977,0.0132849538952907,0.0207270354850856,0.0178353581405028,['XLSSUJ0217-0345-SW'],1337.0043392989792,915.2982345470136,1891,0.9007432239975393,0.0094554147672145
34.4213431,-3.7822043,SW,1.950182096201639,0.0,0.331031976744186,3.4963947737503025,0.2649409885690475,E*,FS,0.0,0.0,0.0,n,0.0001076174,24.085,0.0252,24.1972,0.0228,24.4033,0.0238,24.4391,0.017,24.2582,0.0145,24.3319,0.011,0.1347000000000022,0.2419000000000011,0.1071999999999988,0.0253148177951175,0.0284401125173583,0.0202484567313165,['XLSSUJ0217-0345-SW'],819.7100972141789,605.2532069178312,1947,0.354193704309275,0.0151241701966405
34.4271403,-3.7797428,SW,1.9203008779489137,0.0,1.0,3.996135051941248,0.0045019303635107,E*,FG,0.0,0.0,0.0,n,0.0002998735,23.6639,0.0309,24.2595,0.0334,24.6888,0.0412,25.3602,0.0394,24.1326,0.025,24.7907,0.0236,0.5312000000000019,1.1006999999999998,0.5694999999999979,0.0408964546140616,0.0516519118716819,0.0459273339091221,"['XLSSUJ0217-0345-SW', 'XLSSUJ0217-0345']",678.0796759177554,576.5832229135436,2015,0.6951710741652196,0.0145570687917998
34.4532725,-3.7729465,SE,1.94247922017286,0.2082725947521866,0.5111607142857143,6.4723210138682825,6.327115877908402,E*,FG,0.024648999615745848,1.0345746408177188,-0.3264053054374255,n,0.0004984455,19.1069,0.0021,21.597,0.0054,19.4272,0.0017,21.9492,0.0019,19.3101,0.0009,21.8008,0.0009,0.2037999999999975,0.3521999999999998,0.1484000000000023,0.0054744862772683,0.0057245087125446,0.0021023796041628,"['XLSSUJ0217-0345-SE', 'XLSSUJ0217-0345']",728.5013673117935,1078.3302251520045,2097,0.9980865507068049,0.0013819507968801
34.4597426,-3.7745701,SE,1.940842342733482,0.1974597953216374,0.4863395467836257,10.483997817048714,0.1575373408278954,B,FS,0.38477026507079015,0.6851687714518435,-0.1489818037189904,n,0.0001718487,22.3526,0.0164,23.2786,0.0197,23.3512,0.0306,24.3746,0.0271,22.84,0.0069,23.7215,0.0054,0.4428999999999981,1.096,0.653100000000002,0.0204266982158154,0.0335037311355019,0.0276327704003778,['XLSSUJ0217-0345-SE'],921.4911092966548,1288.8255859584758,2148,0.6996624538177918,0.0144960306475758
34.3950926,-3.7747355,SW,1.92819616871548,0.0,1.0,4.6426899059193,0.0081229164343758,E*,FG,0.0,0.31607206419116896,1.0043060359020468,n,6.742455e-05,24.1321,0.0241,24.163,0.022,24.7864,0.0346,24.8947,0.0306,24.7378,0.0204,24.7972,0.0174,0.6341999999999999,0.7317,0.0975000000000001,0.0280492424140118,0.0376876637641549,0.0352011363452943,['XLSSUJ0217-0345-SW'],1297.521500455091,838.451947402622,2178,0.3310777769111463,0.014881709664777
34.3946447,-3.7724836,SW,1.927040104577297,0.0,0.9989035087719298,12.969084247210503,0.0379230250409651,B,FG,0.0,0.0,0.0,n,0.0005324066,22.0626,0.0116,23.742,0.0174,22.4144,0.0141,24.1107,0.0153,22.2095,0.0072,23.9294,0.008,0.1874000000000002,0.3687000000000004,0.1813000000000002,0.0191509790872425,0.0231700237375795,0.0172652830848497,['XLSSUJ0217-0345-SW'],1286.2233599109743,822.9217330063036,2194,0.9937462302834172,0.0024929219965563
34.4569082,-3.7726521,SE,1.967545888594546,0.3720531798245614,0.4745751096491228,7.622047049682988,0.0003565130832682,H,FS,0.0,0.0,0.0,y,5.548818e-05,22.9419,0.0168,22.9559,0.0164,23.1229,0.0067,23.1408,0.0059,22.954,0.0031,22.9731,0.0027,0.0171999999999989,0.1848999999999989,0.1676999999999999,0.0166207701385946,0.0174289988237993,0.0064884512790033,['XLSSUJ0217-0345-SE'],816.5059180368341,1189.1794556470345,2253,0.5858144476259334,0.0155767737538508
34.4438281,-3.7719174,Core,1.9224346423074616,0.0162012173290368,0.8537713330946414,25.408507265361163,0.1065515273779439,B,FG,0.15741128641286783,0.4741741104230588,0.038211125756756115,n,0.0002302365,22.2465,0.006,22.8031,0.0065,23.1919,0.011,23.8923,0.0085,22.6965,0.0054,23.3251,0.0039,0.5219999999999985,1.0891999999999982,0.5671999999999997,0.0075802374632988,0.0107004672795163,0.0093520051325905,['XLSSUJ0217-0345'],499.2684070458556,799.6071595099609,2256,0.9980865507068049,0.0013819507968801
34.422611,-3.7717133,Core,1.940504067701195,0.0,1.0,7.258236953531136,0.9236178797882756,E*,FG,0.0,0.0,0.0,n,0.0001313208,23.619,0.012,23.8184,0.0107,24.196,0.0173,24.3402,0.012,24.0403,0.0095,24.2018,0.0067,0.3833999999999982,0.5217999999999989,0.1384000000000007,0.012624579200908,0.016077624202599,0.0137437258412702,"['XLSSUJ0217-0345-SW', 'XLSSUJ0217-0345']",533.1552279233387,296.294167642487,2275,0.7215629716966802,0.0141742671617595
34.4231908,-3.7660786,Core,1.937001567095176,0.0,1.0,4.167449698875381,0.5995374760505794,E*,FG,0.0,0.0,0.0,n,8.640933e-05,24.2756,0.0159,24.3764,0.014,24.9788,0.0307,24.9667,0.0214,24.7352,0.0159,24.7761,0.0117,0.3996999999999993,0.5902999999999992,0.1905999999999998,0.0182452733605172,0.0255726416312433,0.0243895469412615,"['XLSSUJ0217-0345-SW', 'XLSSUJ0217-0345']",405.8267377816113,155.81050330122213,2518,0.3171402667063803,0.014716056466995
34.4315988,-3.7644975,Core,1.912627150495117,0.0462465688029597,0.805734574531567,23.28130288992627,0.2156874051398608,A,FG,0.32289899048282467,0.5429641382322827,0.1047430688327382,n,0.0001429909,22.2508,0.0067,22.9615,0.0069,22.981,0.011,23.5135,0.0057,22.4605,0.0056,23.1779,0.0036,0.2164000000000001,0.5519999999999996,0.3355999999999994,0.0077826730626437,0.0089498603341057,0.0067416615162732,['XLSSUJ0217-0345'],192.46986746711372,375.3825304389927,2554,0.9980865507068049,0.0013819507968801
34.4195273,-3.7625637,SW,1.9458443185870031,0.0002741228070175,0.9292306286549707,25.41230856242741,0.0706494660222476,B,FG,0.2866775204248193,0.8167991827352342,-0.6979333441413085,y,0.0001016693,21.3872,0.0031,22.0183,0.0033,25.0175,0.0882,25.1306,0.0273,22.7823,0.0056,23.3812,0.0027,1.3628999999999998,3.112300000000001,1.7494000000000014,0.0042638011210655,0.0274987272432743,0.0274331915751703,"['XLSSUJ0217-0345-SW', 'XLSSUJ0217-0345-NW', 'XLSSUJ0217-0345']",466.1350712684929,0.9507585601174804,2598,0.949186901439558,0.006944863394994
34.4159987,-3.7631333,SW,1.932680313085586,0.0,1.0,22.416223833611344,0.0866100045138221,B,FG,-0.12438644803509846,0.7584162412193413,-0.8924668469902819,n,0.0001073963,22.0823,0.0062,22.4152,0.0064,25.2469,0.0643,25.5008,0.0391,23.478,0.0062,23.8159,0.004,1.4007000000000005,3.085600000000003,1.6849000000000025,0.0075471849056452,0.0396203230678398,0.0393040710359626,"['XLSSUJ0217-0345-SW', 'XLSSUJ0217-0345']",575.3248882358326,109.96490337203528,2612,0.9980865507068049,0.0013819507968801
34.4742507,-3.7635685,SE,1.9261265893101864,0.108141447368421,0.377421418128655,3.4737567548887665,0.0983402121723848,E*,FS,0.4831251293433446,0.5119434456771682,-0.6112613303547237,y,8.965586e-05,23.7301,0.0315,23.8645,0.0302,23.8684,0.0179,23.9874,0.0148,23.843,0.0081,23.9387,0.0066,0.0742000000000011,0.1229000000000013,0.0487000000000001,0.0309127805284481,0.0336315328226353,0.0162049375191637,['XLSSUJ0217-0345-SE'],1238.1814501633123,1680.9478433277163,2630,0.328471403340183,0.0148518665671326
34.4264951,-3.762475,Core,1.9422586208138888,0.0035207065282253,0.95515574650913,21.78299358026077,0.2534778964447692,B,FG,0.27368394444747,0.6952423075687771,0.21012226234427445,y,8.335883e-05,22.6913,0.0071,22.9267,0.0066,26.8444,0.24,26.246,0.0697,24.1122,0.0155,24.2935,0.009,1.3668000000000011,3.3192999999999984,1.952499999999997,0.0111606451426429,0.070011784722288,0.0702786596343442,['XLSSUJ0217-0345'],262.72212882174216,213.8824822868958,2655,0.9980865507068049,0.0013819507968801
34.4602494,-3.7624797,SE,1.928054281127348,0.0006853070175438,0.7964638157894737,5.997029257557779,0.0742961100750678,E*,FG,0.5371801837929746,0.6234701452816314,-0.27872332843075265,n,0.0001003299,23.0856,0.0208,23.2926,0.0199,23.8329,0.018,23.9983,0.013,23.4425,0.006,23.6425,0.0044,0.3498999999999981,0.7057000000000002,0.3558000000000021,0.0203806280570545,0.0237699389986596,0.0137244307714382,['XLSSUJ0217-0345-SE'],807.499187595469,1250.7331473443903,2666,0.5469026907852556,0.0157416688313883
34.420536,-3.7613665,Core,1.9159435950318064,0.0025957751521661,0.9183076739467716,24.27761822223038,0.4413466723655446,C,FG,0.2643204854560861,0.6576783443770445,0.24116575460545508,y,7.341627e-05,22.4172,0.0052,22.8081,0.0049,26.0065,0.1509,26.0539,0.063,23.845,0.0114,24.2755,0.007,1.4674000000000014,3.245799999999999,1.7783999999999978,0.0085445889310135,0.063190268238076,0.0633876959669619,"['XLSSUJ0217-0345-SW', 'XLSSUJ0217-0345-NW', 'XLSSUJ0217-0345']",427.6015963183025,48.10600971412074,2675,0.9980865507068049,0.0013819507968801
34.4297198,-3.7616129,Core,1.9348836781819767,0.0,0.767782551617138,5.042229809228996,0.4895607366010492,E**,FG,0.0,0.0,0.0,n,8.05817e-05,23.8911,0.016,24.1451,0.0141,24.7308,0.0386,24.9598,0.0277,24.4617,0.0202,24.6699,0.0143,0.524799999999999,0.814700000000002,0.2899000000000029,0.0200823305420461,0.0310821492178388,0.0311733860849282,['XLSSUJ0217-0345'],163.01768828538022,314.2993218935354,2700,0.555633037630093,0.0157132098924455
34.4172398,-3.7612686,Core,1.9328412911867687,0.0,0.984872896527032,7.651050793289681,0.1471591754843199,B,FG,0.3031054424171359,0.24568004367416796,0.12291430819820115,n,6.348242e-05,23.5956,0.0113,23.7173,0.0102,27.0792,0.2498,27.0522,0.1615,24.992,0.018,25.0791,0.0128,1.3617999999999988,3.334899999999997,1.9730999999999987,0.0163670400500518,0.1618217846892068,0.1620064504888617,"['XLSSUJ0217-0345-SW', 'XLSSUJ0217-0345-NW', 'XLSSUJ0217-0345']",526.9691230429651,80.85401868209632,2715,0.7350998963292209,0.013954498871188
34.4178344,-3.7599858,Core,1.9435340597343764,2.983649600190953e-05,0.9634801288936627,13.00725570471095,0.0829468739256691,B,FG,0.3050492704443619,0.46427453798481155,0.2313821144893341,n,9.853195e-05,22.7665,0.0077,23.2297,0.0069,23.7726,0.0197,23.953,0.0093,23.3034,0.0071,23.6601,0.0039,0.4303999999999988,0.7232999999999983,0.2928999999999995,0.0079259068881737,0.0115801554393712,0.0100846417883829,"['XLSSUJ0217-0345-SW', 'XLSSUJ0217-0345-NW', 'XLSSUJ0217-0345']",504.6425010269825,94.70369748046114,2727,0.9980865507068049,0.0013819507968801
34.4490116,-3.7605247,Core,1.94669741824414,0.0016111707841031,0.924125790667144,10.071829867086583,1.0491554207325242,D*,FG,0.0,0.0,0.0,n,0.0001784122,23.3704,0.0126,23.7962,0.0116,26.1098,0.1919,25.743,0.0644,24.1974,0.0147,24.6565,0.0105,0.8603000000000023,1.9468,1.0864999999999974,0.0156464053379682,0.0654363813180405,0.0652503639836591,['XLSSUJ0217-0345'],457.3689376000288,907.645988813629,2728,0.8555863165541655,0.0111156813322189
34.421841,-3.7588928,Core,1.9437474989518504,0.0,0.9975534073278434,33.246411493770104,0.0422643630256018,A,FG,0.0,0.0,0.0,n,0.0001819158,22.0847,0.0044,22.5703,0.0044,23.544,0.0174,23.7598,0.0079,22.8862,0.0065,23.3081,0.0034,0.7378,1.189499999999999,0.4516999999999989,0.0055605755097831,0.0090426765949026,0.0086005813756978,"['XLSSUJ0217-0345-SW', 'XLSSUJ0217-0345-NW', 'XLSSUJ0217-0345']",380.026229976136,133.5726892497963,2769,0.9980865507068049,0.0013819507968801
34.4361907,-3.759445,Core,1.962657708109784,0.0426661892827306,0.7505072204320324,5.995342859329881,1.2239428553952572,E**,FG,0.35997633268633067,0.8189738804659508,0.36188779292646167,n,7.339283e-05,24.1796,0.0182,24.3569,0.0163,99.0,99.0,28.6945,0.7306,26.0865,0.0751,25.9196,0.0431,1.5626999999999995,4.337600000000002,2.7749000000000024,0.0460792795082562,0.7307818073816562,0.7318701865768273,['XLSSUJ0217-0345'],63.67783202905606,520.6554578703847,2785,0.3750711091691753,0.0153098913201818
34.4537812,-3.758393,Core,1.929933313617766,0.0053108962883398,0.961421410669531,4.497093368701424,0.2039405843152261,E*,FG,0.4165922458099076,0.5713610269057298,0.2968663417020627,n,0.0003612802,23.7663,0.025,24.4446,0.0259,25.301,0.0921,25.8592,0.0726,24.3903,0.0166,25.0665,0.0147,0.6219000000000001,1.4146,0.7927,0.0297808663406557,0.0770815801602432,0.0740732745327219,['XLSSUJ0217-0345'],600.7573547110754,1059.6349666859526,2804,0.6332699944168613,0.0152393933143065
34.4456054,-3.7513744,Core,1.932542278362841,0.0,1.0,11.00667289145699,1.3203525740313864,D*,FG,0.0,0.0,0.0,n,6.980095e-05,23.4713,0.0109,23.5909,0.0099,24.554,0.0243,24.5939,0.0168,23.9894,0.0088,24.1115,0.0064,0.5205999999999982,1.003,0.4824000000000019,0.0117885537705012,0.0195,0.0179777640433953,['XLSSUJ0217-0345'],417.5828216432964,871.5764723527524,3015,0.8040417510865027,0.0125522354023597
34.4518696,-3.7510167,Core,1.9355840661229,0.0,0.9787564148466404,4.033142534110082,0.7442026875154862,E*,FG,0.0,0.0,0.0,n,0.0002300586,23.6393,0.0214,24.2598,0.0219,24.7106,0.0546,25.0153,0.033,24.0788,0.0117,24.596,0.0087,0.3362000000000016,0.7555000000000014,0.4192999999999998,0.0235648042639865,0.0396056814106259,0.0341275548494175,['XLSSUJ0217-0345'],592.689153352857,1054.944299356057,3018,0.7096958253240123,0.0143536636731421
34.4002226,-3.7490589,NW,1.9120290740428976,0.0,0.3819040697674418,6.492267210153924,0.1759969738040093,E*,FS,0.5929885228584686,0.8201638713762872,-0.10838374435107412,n,0.000277885,22.9401,0.0165,23.7701,0.0176,23.902,0.034,24.9571,0.0325,23.4015,0.0116,24.3669,0.0101,0.5968000000000018,1.1870000000000012,0.5901999999999994,0.0202921166958994,0.0369595725083502,0.034033219066083,['XLSSUJ0217-0345-NW'],1086.345159642925,723.7662358266135,3065,0.8619149003717369,0.0109095190035544
34.4079823,-3.7367121,NW,1.878373849608865,0.0,0.2033975290697674,9.555548668534833,0.0846509619671167,A,FS,0.0,0.0,0.0,n,0.0002608655,22.6945,0.0135,23.5295,0.0148,23.2672,0.0198,24.0397,0.0145,22.9044,0.0071,23.7511,0.0057,0.2216000000000022,0.5102000000000011,0.2885999999999988,0.0158596973489408,0.0207193146604804,0.0155801155323059,['XLSSUJ0217-0345-NW'],1053.749702192304,869.7645674492009,3350,0.9222268827836292,0.0084690294281469
